GEOID,B25034_001E,B03002_001E,B11001_001E,B25026_001E,B25004_001E,B25075_001E,B25024_001E
g361031101011,509,1463,466,,43,402,509
g361031101012,731,2221,681,,50,659,731
g361031101021,640,1874,613,,27,533,640
g361031101022,396,1064,362,,34,362,396
g361031101023,398,992,385,,13,377,398
g361031101024,373,1111,373,,0,347,373
g361031102001,417,1158,402,,15,386,417
g361031102002,432,640,335,,97,204,432
g361031102003,273,656,258,,15,191,273
g361031102004,670,1345,670,,0,621,670
g361031102005,400,1031,357,,43,289,400
g361031103001,276,610,266,,10,256,276
g361031103002,514,1582,514,,0,514,514
g361031103003,416,943,394,,22,292,416
g361031103004,577,1191,561,,16,420,577
g361031103005,312,831,306,,6,300,312
g361031104011,272,861,266,,6,259,272
g361031104012,714,2019,698,,16,647,714
g361031104021,588,1682,588,,0,568,588
g361031104022,627,1454,563,,64,473,627
g361031105011,852,2581,792,,60,745,852
g361031105012,263,691,239,,24,227,263
g361031105021,560,1450,502,,58,439,560
g361031105022,480,1421,480,,0,433,480
g361031106001,705,1723,688,,17,476,705
g361031106002,711,1822,667,,44,534,711
g361031106003,833,1988,784,,49,619,833
g361031106004,610,1224,536,,74,302,610
g361031106005,318,660,258,,60,212,318
g361031108011,582,1374,529,,53,517,582
g361031108012,277,576,220,,57,182,277
g361031108031,405,1270,363,,42,338,405
g361031108032,782,2265,753,,29,591,782
g361031108033,447,1171,418,,29,418,447
g361031108034,487,1104,439,,48,380,487
g361031109011,380,947,351,,29,233,380
g361031109012,250,430,223,,27,173,250
g361031109013,631,1362,631,,0,402,631
g361031109021,353,1134,329,,24,155,353
g361031109022,565,1465,488,,77,131,565
g361031109023,580,1270,557,,23,392,580
g361031110011,441,1147,430,,11,332,441
g361031110012,443,1121,443,,0,278,443
g361031110021,211,602,211,,0,86,211
g361031110022,429,985,380,,49,272,429
g361031110023,475,2651,475,,0,246,475
g361031110024,540,1464,540,,0,340,540
g361031111001,907,3030,907,,0,594,907
g361031111002,523,2138,503,,20,327,523
g361031111003,309,1089,309,,0,245,309
g361031111004,509,1795,509,,0,417,509
g361031111005,363,1060,363,,0,227,363
g361031112011,440,2064,371,,69,118,440
g361031112012,421,1676,413,,8,331,421
g361031112013,320,844,320,,0,230,320
g361031112021,963,2476,862,,101,559,963
g361031112022,285,594,230,,55,159,285
g361031112023,415,1264,415,,0,349,415
g361031113001,676,1786,610,,66,530,676
g361031113002,606,1852,606,,0,606,606
g361031113003,345,1080,345,,0,335,345
g361031114011,485,1290,450,,35,446,485
g361031114021,529,1683,529,,0,514,529
g361031114022,538,1671,529,,9,517,538
g361031114023,288,805,288,,0,288,288
g361031114024,421,955,386,,35,305,421
g361031115031,270,757,270,,0,270,270
g361031115032,666,2293,629,,37,504,666
g361031115033,797,1498,734,,63,257,797
g361031115041,478,1430,478,,0,446,478
g361031115051,779,2849,772,,7,734,779
g361031115052,338,1054,318,,20,261,338
g361031115053,278,841,268,,10,240,278
g361031115054,587,2026,555,,32,491,587
g361031115061,642,1804,642,,0,614,642
g361031115062,455,1805,455,,0,352,455
g361031116011,592,1479,569,,23,432,592
g361031116012,873,2210,827,,46,621,873
g361031116021,661,1785,634,,27,550,661
g361031116022,521,1474,495,,26,460,521
g361031117011,304,819,304,,0,249,304
g361031117012,586,1596,556,,30,432,586
g361031117013,283,829,283,,0,165,283
g361031117014,412,977,412,,0,299,412
g361031117015,501,1558,494,,7,446,501
g361031117031,269,899,269,,0,252,269
g361031117032,849,2242,825,,24,710,849
g361031117041,347,1160,347,,0,347,347
g361031117042,356,935,356,,0,356,356
g361031117043,400,1054,380,,20,361,400
g361031118011,356,918,318,,38,318,356
g361031118012,526,1554,496,,30,494,526
g361031118013,835,2515,830,,5,802,835
g361031118014,324,807,324,,0,299,324
g361031118021,598,1785,579,,19,552,598
g361031118022,354,1103,319,,35,304,354
g361031118031,514,1512,514,,0,495,514
g361031118032,352,1163,352,,0,334,352
g361031118041,733,2322,733,,0,695,733
g361031119001,459,1165,459,,0,447,459
g361031119002,431,862,377,,54,367,431
g361031119003,310,736,310,,0,218,310
g361031119004,438,1182,429,,9,421,438
g361031119005,410,1179,377,,33,317,410
g361031120011,579,1695,579,,0,506,579
g361031120012,1142,2889,1089,,53,913,1142
g361031120021,830,2160,773,,57,572,830
g361031120022,446,1203,446,,0,418,446
g361031120023,525,1515,472,,53,423,525
g361031121021,771,2520,771,,0,751,771
g361031121022,500,1421,476,,24,449,500
g361031121031,331,976,331,,0,323,331
g361031121032,646,1841,617,,29,617,646
g361031121033,599,1657,548,,51,313,599
g361031121041,765,2491,741,,24,655,765
g361031122041,416,1297,416,,0,416,416
g361031122042,423,1132,423,,0,363,423
g361031122043,466,1398,466,,0,443,466
g361031122061,1200,3139,1155,,45,684,1200
g361031122062,629,1833,629,,0,546,629
g361031122063,979,2670,979,,0,918,979
g361031122064,208,488,155,,53,155,208
g361031122101,382,1108,382,,0,382,382
g361031122102,722,2096,684,,38,661,722
g361031122103,685,2272,645,,40,416,685
g361031122104,581,1810,564,,17,510,581
g361031122111,636,2285,611,,25,557,636
g361031122112,468,1513,461,,7,440,468
g361031122113,335,959,311,,24,309,335
g361031122121,321,922,314,,7,314,321
g361031122122,695,2373,695,,0,642,695
g361031122131,749,2593,749,,0,704,749
g361031122132,433,1225,407,,26,371,433
g361031122133,459,1381,459,,0,459,459
g361031122141,293,993,255,,38,230,293
g361031122142,863,2900,863,,0,822,863
g361031122143,1363,2505,1290,,73,1126,1363
g361031122144,252,873,252,,0,252,252
g361031223001,524,1903,524,,0,369,524
g361031223002,798,2556,798,,0,655,798
g361031224031,485,1412,469,,16,366,485
g361031224032,325,1066,280,,45,184,325
g361031224041,685,2250,670,,15,577,685
g361031224042,426,1392,426,,0,387,426
g361031224051,741,2892,711,,30,513,741
g361031224052,262,907,255,,7,255,262
g361031224061,398,1575,368,,30,226,398
g361031224062,502,1963,469,,33,276,502
g361031224063,586,1930,520,,66,448,586
g361031225011,327,1130,310,,17,168,327
g361031225012,570,1362,495,,75,252,570
g361031225013,429,1380,429,,0,239,429
g361031225021,767,2940,744,,23,617,767
g361031225022,226,703,207,,19,151,226
g361031225023,291,979,291,,0,262,291
g361031226011,731,2066,654,,77,601,731
g361031226012,570,1660,516,,54,490,570
g361031226013,682,1922,682,,0,421,682
g361031226021,795,2504,795,,0,750,795
g361031226022,808,2438,799,,9,752,808
g361031226031,448,1454,394,,54,257,448
g361031226032,693,2149,686,,7,626,693
g361031226033,383,829,383,,0,106,383
g361031226034,502,1452,502,,0,460,502
g361031227041,193,781,169,,24,102,193
g361031227042,491,1275,491,,0,423,491
g361031227051,624,1620,592,,32,485,624
g361031227052,376,1103,365,,11,333,376
g361031227061,372,891,350,,22,308,372
g361031227062,739,2218,739,,0,541,739
g361031227063,189,447,151,,38,121,189
g361031227071,619,1902,619,,0,516,619
g361031227072,437,1296,437,,0,418,437
g361031228011,524,1570,524,,0,344,524
g361031228012,621,1430,621,,0,378,621
g361031228013,381,628,381,,0,381,381
g361031228014,657,2320,629,,28,495,657
g361031228021,715,2098,677,,38,513,715
g361031228022,767,2016,728,,39,678,767
g361031229011,755,2615,755,,0,675,755
g361031229012,356,1182,319,,37,261,356
g361031229013,358,1157,358,,0,338,358
g361031229014,484,1445,444,,40,389,484
g361031229021,699,1761,673,,26,352,699
g361031229022,563,1364,563,,0,452,563
g361031229023,416,1549,393,,23,308,416
g361031230011,469,1944,469,,0,452,469
g361031230012,458,1313,458,,0,385,458
g361031230013,442,1506,423,,19,262,442
g361031230014,501,1368,471,,30,399,501
g361031230021,642,2048,607,,35,577,642
g361031230022,401,1141,382,,19,337,401
g361031230023,517,1454,485,,32,376,517
g361031231011,454,1308,454,,0,406,454
g361031231012,236,565,212,,24,212,236
g361031231013,610,1705,565,,45,420,610
g361031231021,464,1250,436,,28,376,464
g361031231022,678,1633,648,,30,587,678
g361031231023,287,803,287,,0,220,287
g361031232011,749,1930,681,,68,315,749
g361031232021,557,1826,504,,53,375,557
g361031232022,557,1104,498,,59,44,557
g361031232023,622,3180,593,,29,408,622
g361031232024,842,3273,800,,42,681,842
g361031233011,600,1378,566,,34,207,600
g361031233012,566,1766,528,,38,257,566
g361031233013,337,759,299,,38,255,337
g361031233014,326,1207,296,,30,156,326
g361031233015,481,2161,440,,41,296,481
g361031233016,423,1220,391,,32,268,423
g361031233021,533,1674,423,,110,315,533
g361031234011,445,1289,392,,53,325,445
g361031234012,472,1670,444,,28,296,472
g361031234013,381,1287,381,,0,272,381
g361031234021,597,1718,597,,0,303,597
g361031234022,581,1679,565,,16,436,581
g361031234023,365,1176,348,,17,266,365
g361031234024,289,762,289,,0,144,289
g361031234025,710,1753,662,,48,416,710
g361031235001,512,1848,446,,66,288,512
g361031235002,368,1266,287,,81,134,368
g361031235003,762,1430,620,,142,339,762
g361031235004,781,1797,755,,26,318,781
g361031236001,741,1273,612,,129,557,741
g361031236002,296,825,288,,8,218,296
g361031236003,516,1172,481,,35,418,516
g361031237011,627,2080,581,,46,373,627
g361031237012,324,1630,324,,0,103,324
g361031237013,567,1668,550,,17,159,567
g361031237014,355,1428,355,,0,176,355
g361031237021,720,3187,720,,0,440,720
g361031237022,909,2023,851,,58,666,909
g361031237023,458,1225,444,,14,371,458
g361031237024,745,1821,731,,14,458,745
g361031238011,497,990,439,,58,395,497
g361031238012,325,984,299,,26,232,325
g361031238013,942,2173,782,,160,613,942
g361031238021,674,1402,645,,29,569,674
g361031238022,774,1916,774,,0,709,774
g361031239001,489,1533,479,,10,315,489
g361031239002,322,879,283,,39,269,322
g361031239003,257,775,257,,0,248,257
g361031239004,504,1567,467,,37,334,504
g361031239005,189,447,152,,37,152,189
g361031240011,771,2378,719,,52,535,771
g361031240012,666,1849,631,,35,473,666
g361031240013,223,325,167,,56,115,223
g361031240021,489,1488,455,,34,406,489
g361031240022,661,2043,661,,0,562,661
g361031241011,742,2320,681,,61,564,742
g361031241012,418,1375,418,,0,340,418
g361031241013,448,1445,424,,24,355,448
g361031241021,646,1398,523,,123,428,646
g361031241022,669,1951,580,,89,524,669
g361031242001,397,1155,397,,0,260,397
g361031242002,474,858,378,,96,341,474
g361031242003,335,540,290,,45,97,335
g361031242004,585,1630,585,,0,458,585
g361031242005,594,1347,465,,129,356,594
g361031243001,350,1225,350,,0,262,350
g361031243002,635,1646,635,,0,381,635
g361031243003,651,1383,651,,0,303,651
g361031243004,546,1631,546,,0,529,546
g361031243005,291,602,245,,46,138,291
g361031244011,462,631,405,,57,0,462
g361031244012,406,960,346,,60,246,406
g361031244013,723,2411,715,,8,436,723
g361031244021,632,2081,632,,0,579,632
g361031244022,416,1044,376,,40,335,416
g361031244023,391,630,278,,113,277,391
g361031245001,374,1165,374,,0,307,374
g361031245002,420,998,420,,0,263,420
g361031245003,484,1355,484,,0,253,484
g361031245004,560,1831,560,,0,514,560
g361031246011,410,1019,390,,20,359,410
g361031246012,307,902,300,,7,285,307
g361031246013,285,766,263,,22,251,285
g361031246021,221,617,221,,0,164,221
g361031246022,598,1256,538,,60,306,598
g361031246023,619,1520,553,,66,481,619
g361031246024,407,748,407,,0,199,407
g361031347021,625,1966,579,,46,511,625
g361031347022,865,2390,865,,0,744,865
g361031347023,564,628,501,,63,25,564
g361031347024,331,797,331,,0,299,331
g361031347031,326,1196,316,,10,316,326
g361031347032,378,1044,370,,8,370,378
g361031347033,410,1238,410,,0,343,410
g361031347034,234,607,234,,0,234,234
g361031347041,512,1504,498,,14,477,512
g361031347042,446,1058,366,,80,267,446
g361031349021,431,1170,403,,28,359,431
g361031349022,334,1144,334,,0,334,334
g361031349023,787,2558,745,,42,714,787
g361031349031,423,1297,423,,0,337,423
g361031349041,480,1720,480,,0,460,480
g361031349042,528,1850,516,,12,516,528
g361031349043,639,1965,591,,48,554,639
g361031349044,628,1198,586,,42,353,628
g361031349061,575,1738,535,,40,518,575
g361031349062,386,1079,386,,0,336,386
g361031349063,559,1725,559,,0,540,559
g361031349064,617,1293,613,,4,189,617
g361031349071,604,2017,604,,0,493,604
g361031349072,875,2792,875,,0,842,875
g361031350021,438,1164,438,,0,420,438
g361031350022,762,2236,752,,10,627,762
g361031350023,616,1920,616,,0,604,616
g361031350031,474,1449,459,,15,423,474
g361031350032,495,1550,473,,22,450,495
g361031350033,587,1542,547,,40,485,587
g361031350041,638,1692,560,,78,524,638
g361031350042,260,682,239,,21,207,260
g361031350043,253,604,236,,17,212,253
g361031350051,538,1511,464,,74,438,538
g361031350052,595,1184,571,,24,477,595
g361031350053,236,718,215,,21,192,236
g361031351011,387,1129,387,,0,387,387
g361031351012,869,2735,869,,0,827,869
g361031351021,408,1346,408,,0,394,408
g361031351022,724,1783,706,,18,602,724
g361031351023,370,1255,370,,0,370,370
g361031351031,498,1520,498,,0,480,498
g361031351032,434,1245,434,,0,406,434
g361031351033,659,1953,636,,23,604,659
g361031351041,508,1765,508,,0,502,508
g361031351042,815,2335,784,,31,691,815
g361031351043,345,1166,345,,0,345,345
g361031352011,707,2148,690,,17,682,707
g361031352041,484,1699,484,,0,452,484
g361031352042,674,1920,654,,20,575,674
g361031352043,335,995,335,,0,335,335
g361031352051,893,2318,893,,0,553,893
g361031352052,496,1436,496,,0,496,496
g361031352053,391,1234,391,,0,380,391
g361031352081,555,1441,511,,44,482,555
g361031352082,488,1585,488,,0,455,488
g361031352091,749,1762,689,,60,530,749
g361031352092,424,1241,424,,0,411,424
g361031353011,638,1919,615,,23,599,638
g361031353012,432,1307,432,,0,432,432
g361031353013,224,759,224,,0,217,224
g361031353031,964,2979,956,,8,907,964
g361031353032,483,1319,483,,0,442,483
g361031353041,925,2858,857,,68,849,925
g361031353042,321,529,321,,0,290,321
g361031354011,547,1214,493,,54,217,547
g361031354012,815,2505,756,,59,711,815
g361031354013,949,3161,917,,32,840,949
g361031354021,843,2969,843,,0,783,843
g361031354022,717,2141,717,,0,545,717
g361031354023,284,832,284,,0,268,284
g361031354024,476,1258,464,,12,377,476
g361031354031,341,1110,341,,0,329,341
g361031354032,728,2109,718,,10,644,728
g361031354033,380,1131,320,,60,277,380
g361031456021,429,1696,429,,0,340,429
g361031456022,489,1510,419,,70,336,489
g361031456023,653,2756,653,,0,597,653
g361031456031,689,2969,591,,98,375,689
g361031456032,365,1361,350,,15,137,365
g361031456033,711,2869,658,,53,456,711
g361031456041,882,3620,786,,96,529,882
g361031456042,414,1629,374,,40,278,414
g361031456051,383,1426,367,,16,232,383
g361031456052,516,2322,471,,45,316,516
g361031457011,258,770,235,,23,235,258
g361031457012,478,1507,466,,12,457,478
g361031457013,697,1448,672,,25,34,697
g361031457014,536,1690,510,,26,482,536
g361031457021,293,1210,259,,34,225,293
g361031457022,512,1822,445,,67,367,512
g361031457023,717,3319,707,,10,488,717
g361031457031,259,1088,230,,29,151,259
g361031457032,724,2719,661,,63,523,724
g361031457033,602,2086,571,,31,205,602
g361031457041,487,2180,487,,0,355,487
g361031457042,554,942,467,,87,313,554
g361031457043,771,3246,723,,48,449,771
g361031457044,521,1068,521,,0,9,521
g361031458031,504,1419,478,,26,478,504
g361031458032,573,1644,552,,21,527,573
g361031458033,674,1764,642,,32,493,674
g361031458041,579,1870,540,,39,481,579
g361031458042,511,1476,472,,39,426,511
g361031458051,565,895,496,,69,311,565
g361031458052,488,1396,488,,0,450,488
g361031458053,540,1843,540,,0,416,540
g361031458054,567,1722,567,,0,493,567
g361031458071,709,2114,696,,13,668,709
g361031458072,743,2311,704,,39,653,743
g361031458081,601,2004,575,,26,464,601
g361031458082,412,1305,412,,0,358,412
g361031459011,370,1661,363,,7,237,370
g361031459012,650,2262,628,,22,590,650
g361031459021,548,2517,515,,33,346,548
g361031459022,488,1590,488,,0,329,488
g361031459023,599,1690,564,,35,374,599
g361031459024,703,2676,669,,34,414,703
g361031459031,445,1569,445,,0,423,445
g361031459032,497,1503,464,,33,434,497
g361031459033,378,1291,378,,0,272,378
g361031459034,555,1721,555,,0,369,555
g361031460011,609,3273,609,,0,452,609
g361031460012,571,2659,537,,34,330,571
g361031460021,494,1942,482,,12,428,494
g361031460022,347,1345,309,,38,218,347
g361031460023,573,2688,489,,84,353,573
g361031460031,480,2151,480,,0,364,480
g361031460032,457,1825,440,,17,345,457
g361031460033,1013,2684,966,,47,506,1013
g361031460034,649,1762,633,,16,455,649
g361031461021,650,2274,615,,35,493,650
g361031461031,477,1345,445,,32,425,477
g361031461032,782,2475,763,,19,742,782
g361031461051,508,1114,486,,22,118,508
g361031461052,798,3112,721,,77,475,798
g361031461053,499,2242,499,,0,464,499
g361031461061,746,2613,682,,64,384,746
g361031461062,408,1512,395,,13,325,408
g361031462011,672,2573,648,,24,370,672
g361031462012,558,2174,537,,21,430,558
g361031462021,639,2731,601,,38,467,639
g361031462022,572,2799,561,,11,394,572
g361031462031,607,2167,547,,60,261,607
g361031462032,346,1153,319,,27,301,346
g361031462033,568,2434,528,,40,295,568
g361031462041,566,2352,536,,30,413,566
g361031462042,713,2932,694,,19,363,713
g361031462043,233,1090,233,,0,196,233
g361031462051,274,868,225,,49,173,274
g361031462052,423,1291,416,,7,401,423
g361031462061,255,1034,255,,0,222,255
g361031462062,525,1713,506,,19,458,525
g361031463001,578,1156,578,,0,332,578
g361031463002,704,1237,673,,31,407,704
g361031464021,726,2112,655,,71,601,726
g361031464022,386,1079,354,,32,247,386
g361031464023,281,942,281,,0,281,281
g361031464031,545,2122,495,,50,413,545
g361031464032,453,1384,392,,61,237,453
g361031464033,379,1715,379,,0,269,379
g361031464041,521,2001,464,,57,319,521
g361031464042,531,2005,531,,0,457,531
g361031465001,538,1288,488,,50,452,538
g361031465002,364,993,311,,53,248,364
g361031465003,481,1427,455,,26,435,481
g361031465004,425,1424,425,,0,350,425
g361031466041,671,1425,650,,21,32,671
g361031466042,559,1767,538,,21,517,559
g361031466043,438,1224,391,,47,369,438
g361031466051,298,972,285,,13,255,298
g361031466061,563,1646,563,,0,563,563
g361031466062,700,1965,700,,0,522,700
g361031466063,578,1693,548,,30,470,578
g361031466064,710,2427,696,,14,569,710
g361031466071,511,1104,493,,18,414,511
g361031466072,595,1440,569,,26,187,595
g361031466081,691,1725,652,,39,427,691
g361031466082,362,980,332,,30,97,362
g361031466111,802,1912,785,,17,364,802
g361031466112,454,1450,454,,0,429,454
g361031466121,288,1081,288,,0,263,288
g361031466122,785,2339,760,,25,631,785
g361031466123,576,1908,576,,0,513,576
g361031466131,404,1268,404,,0,359,404
g361031466132,789,2749,789,,0,684,789
g361031466141,803,2307,706,,97,624,803
g361031466142,327,1196,327,,0,327,327
g361031466143,922,2374,922,,0,844,922
g361031466151,491,1429,491,,0,480,491
g361031466152,661,1746,627,,34,320,661
g361031466153,796,1728,760,,36,196,796
g361031467031,684,2101,640,,44,454,684
g361031467032,618,1657,570,,48,532,618
g361031467041,671,1823,659,,12,656,671
g361031467051,526,1769,511,,15,479,526
g361031467052,567,1800,567,,0,529,567
g361031467061,338,1100,338,,0,318,338
g361031467062,527,1532,523,,4,511,527
g361031468001,749,2176,740,,9,679,749
g361031468002,652,2204,627,,25,612,652
g361031468003,404,995,355,,49,355,404
g361031468004,190,540,190,,0,180,190
g361031469011,753,2132,753,,0,677,753
g361031469012,449,1563,449,,0,398,449
g361031469013,241,820,241,,0,219,241
g361031469014,304,871,304,,0,281,304
g361031469021,644,1718,605,,39,577,644
g361031469022,355,1375,313,,42,303,355
g361031469023,299,821,285,,14,285,299
g361031470011,309,964,290,,19,237,309
g361031470012,285,758,285,,0,278,285
g361031470013,820,2584,820,,0,740,820
g361031470031,821,2030,763,,58,747,821
g361031470032,529,1680,482,,47,476,529
g361031470033,444,861,407,,37,340,444
g361031470041,2328,243,93,,2235,79,2328
g361031471001,423,1172,418,,5,410,423
g361031471002,294,913,294,,0,205,294
g361031471003,357,1032,357,,0,349,357
g361031472001,803,2840,789,,14,536,803
g361031472002,309,540,275,,34,57,309
g361031472003,624,1407,541,,83,230,624
g361031472004,332,903,298,,34,209,332
g361031472005,477,674,412,,65,28,477
g361031473001,421,1382,387,,34,70,421
g361031473002,238,536,238,,0,43,238
g361031473003,439,1340,439,,0,347,439
g361031473004,439,1666,439,,0,190,439
g361031473005,587,1299,587,,0,31,587
g361031473006,844,1790,832,,12,547,844
g361031474011,766,2042,766,,0,499,766
g361031474012,738,1226,645,,93,426,738
g361031474013,689,2002,653,,36,478,689
g361031474014,372,688,359,,13,219,372
g361031474021,448,1213,417,,31,373,448
g361031474022,451,1206,431,,20,423,451
g361031474023,439,1126,411,,28,385,439
g361031475011,332,872,296,,36,140,332
g361031475012,773,2170,681,,92,640,773
g361031475013,179,606,179,,0,179,179
g361031475014,229,709,229,,0,169,229
g361031475015,552,1753,552,,0,529,552
g361031475016,657,1321,545,,112,425,657
g361031475021,345,1157,308,,37,308,345
g361031475022,384,1232,384,,0,375,384
g361031475023,594,1680,568,,26,568,594
g361031475024,404,1649,404,,0,388,404
g361031475025,261,840,261,,0,231,261
g361031475031,541,1636,541,,0,502,541
g361031476011,398,1240,358,,40,345,398
g361031476012,502,1159,445,,57,414,502
g361031476021,863,1503,708,,155,511,863
g361031476022,633,1787,593,,40,550,633
g361031476023,396,802,396,,0,267,396
g361031476024,352,1060,352,,0,352,352
g361031477011,627,2226,620,,7,454,627
g361031477012,589,1228,554,,35,433,589
g361031477021,569,1586,546,,23,501,569
g361031477022,726,850,333,,393,303,726
g361031477023,497,1518,476,,21,382,497
g361031477024,265,731,241,,24,200,265
g361031478021,368,894,368,,0,202,368
g361031478022,476,1404,460,,16,448,476
g361031478023,566,1361,545,,21,403,566
g361031478031,938,1892,875,,63,475,938
g361031478032,412,1229,412,,0,317,412
g361031478041,738,2410,738,,0,738,738
g361031478042,358,1085,358,,0,322,358
g361031478043,450,1554,450,,0,450,450
g361031478044,379,1028,379,,0,379,379
g361031479011,690,1990,666,,24,615,690
g361031479012,693,834,554,,139,59,693
g361031479013,579,1361,523,,56,92,579
g361031479021,258,681,258,,0,245,258
g361031479022,361,1076,336,,25,315,361
g361031479023,457,1432,436,,21,412,457
g361031479024,379,981,358,,21,326,379
g361031580011,389,919,329,,60,308,389
g361031580012,390,958,361,,29,302,390
g361031580013,372,752,297,,75,276,372
g361031580014,378,982,340,,38,324,378
g361031580015,209,642,209,,0,199,209
g361031580021,417,1174,405,,12,385,417
g361031580022,426,803,338,,88,338,426
g361031580023,487,1482,487,,0,451,487
g361031580024,321,858,309,,12,257,321
g361031580025,290,759,290,,0,227,290
g361031580026,474,1255,425,,49,425,474
g361031580061,1021,2510,993,,28,895,1021
g361031580062,961,2922,961,,0,887,961
g361031580063,411,971,349,,62,252,411
g361031580064,163,378,163,,0,163,163
g361031580071,0,2862,0,,0,0,0
g361031580072,34,1033,34,,0,31,34
g361031580073,10,974,10,,0,10,10
g361031580074,0,4128,0,,0,0,0
g361031580091,381,1280,376,,5,367,381
g361031580092,493,1521,493,,0,475,493
g361031580101,698,1939,637,,61,637,698
g361031580102,268,926,268,,0,253,268
g361031580103,273,794,273,,0,266,273
g361031580111,809,1841,762,,47,684,809
g361031580112,582,2104,582,,0,582,582
g361031580113,466,775,420,,46,345,466
g361031581021,1071,2795,1020,,51,748,1071
g361031581022,643,2146,618,,25,618,643
g361031581031,963,3107,916,,47,757,963
g361031581032,423,1275,423,,0,337,423
g361031581041,676,2223,643,,33,606,676
g361031581042,632,1885,632,,0,576,632
g361031581043,494,1643,494,,0,456,494
g361031581071,621,1476,614,,7,553,621
g361031581072,834,2599,805,,29,678,834
g361031581081,1008,2995,952,,56,764,1008
g361031581101,615,2214,576,,39,525,615
g361031581102,527,1398,456,,71,443,527
g361031581111,563,1772,534,,29,504,563
g361031581112,468,1535,453,,15,408,468
g361031581121,603,2059,575,,28,424,603
g361031581122,739,2345,688,,51,604,739
g361031581141,1229,3430,1110,,119,843,1229
g361031581151,1169,3118,1004,,165,647,1169
g361031581152,521,1840,521,,0,471,521
g361031581153,597,1889,597,,0,543,597
g361031581161,503,1413,473,,30,463,503
g361031581162,253,585,227,,26,191,253
g361031582021,431,1364,421,,10,291,431
g361031582022,858,2781,823,,35,373,858
g361031582023,554,1565,513,,41,439,554
g361031582024,418,1120,394,,24,394,418
g361031582025,706,1998,669,,37,616,706
g361031582031,574,1561,558,,16,526,574
g361031582051,284,844,263,,21,254,284
g361031582052,368,1185,368,,0,362,368
g361031582061,507,1122,468,,39,354,507
g361031582062,543,1311,505,,38,362,543
g361031582063,545,1375,503,,42,300,545
g361031582071,317,834,286,,31,277,317
g361031582072,675,1755,642,,33,569,675
g361031582073,327,493,276,,51,177,327
g361031582074,650,1733,650,,0,462,650
g361031583041,622,1521,582,,40,563,622
g361031583042,672,2471,672,,0,590,672
g361031583043,624,1737,594,,30,566,624
g361031583044,573,1462,573,,0,537,573
g361031583061,857,2571,857,,0,749,857
g361031583062,771,1426,771,,0,740,771
g361031583063,553,1812,535,,18,535,553
g361031583081,535,1405,535,,0,298,535
g361031583082,559,1735,522,,37,387,559
g361031583083,926,3030,884,,42,779,926
g361031583084,742,2086,633,,109,598,742
g361031583091,1188,3563,1188,,0,760,1188
g361031583092,644,1446,607,,37,226,644
g361031583101,627,1635,582,,45,520,627
g361031583102,1184,2546,1147,,37,983,1184
g361031583151,1015,2351,970,,45,917,1015
g361031583152,702,2284,675,,27,588,702
g361031583171,943,2106,811,,132,704,943
g361031583172,844,2045,617,,227,525,844
g361031583173,529,1591,483,,46,465,529
g361031583181,605,1738,577,,28,489,605
g361031583182,479,1192,427,,52,427,479
g361031583183,530,1494,509,,21,500,530
g361031583191,617,1881,594,,23,486,617
g361031583192,317,920,317,,0,309,317
g361031583193,318,905,292,,26,256,318
g361031583201,435,1364,386,,49,386,435
g361031583202,622,1839,539,,83,539,622
g361031583203,900,1320,844,,56,565,900
g361031583204,432,1489,432,,0,432,432
g361031583211,1384,3654,1234,,150,585,1384
g361031583212,718,1878,718,,0,518,718
g361031583213,405,1287,358,,47,358,405
g361031583214,1516,3636,1379,,137,116,1516
g361031583221,798,2311,785,,13,774,798
g361031583231,387,1414,387,,0,387,387
g361031583232,436,1065,316,,120,316,436
g361031583233,598,2139,598,,0,572,598
g361031583234,920,2445,879,,41,796,920
g361031584011,493,1381,459,,34,412,493
g361031584021,718,2420,718,,0,688,718
g361031584022,227,468,188,,39,185,227
g361031584023,566,1575,536,,30,482,566
g361031584031,461,1150,461,,0,446,461
g361031584032,466,928,403,,63,288,466
g361031584051,925,2039,756,,169,686,925
g361031584052,333,1119,312,,21,303,333
g361031584053,467,1522,467,,0,424,467
g361031584071,617,1439,504,,113,487,617
g361031584072,604,1897,559,,45,503,604
g361031584073,493,940,326,,167,260,493
g361031584074,603,1669,509,,94,455,603
g361031584081,877,2272,782,,95,577,877
g361031584082,718,1861,662,,56,524,718
g361031584091,577,1327,477,,100,201,577
g361031584092,803,1703,727,,76,722,803
g361031584093,319,814,221,,98,196,319
g361031584101,744,1540,735,,9,721,744
g361031584102,918,1078,742,,176,686,918
g361031584103,601,643,467,,134,399,601
g361031585021,565,1804,539,,26,379,565
g361031585022,271,768,271,,0,249,271
g361031585023,879,1217,870,,9,91,879
g361031585051,834,2847,771,,63,684,834
g361031585052,325,991,310,,15,300,325
g361031585053,347,686,347,,0,46,347
g361031585061,618,1893,570,,48,476,618
g361031585062,278,743,278,,0,237,278
g361031585071,270,876,270,,0,253,270
g361031585072,431,1164,369,,62,359,431
g361031585073,564,1927,538,,26,490,564
g361031585081,443,1299,401,,42,401,443
g361031585082,489,1709,457,,32,336,489
g361031585083,407,1464,407,,0,407,407
g361031585084,291,620,280,,11,208,291
g361031585085,331,1289,331,,0,331,331
g361031585091,534,1291,454,,80,347,534
g361031585092,536,1535,465,,71,378,536
g361031585093,731,2109,701,,30,259,731
g361031585101,929,2813,929,,0,688,929
g361031585102,467,1378,467,,0,397,467
g361031585103,508,1558,449,,59,384,508
g361031585104,485,1510,485,,0,470,485
g361031585111,561,1665,561,,0,462,561
g361031585112,805,2824,788,,17,702,805
g361031585113,701,2410,676,,25,619,701
g361031585121,645,1891,634,,11,630,645
g361031585122,467,1590,434,,33,414,467
g361031586041,463,1489,441,,22,402,463
g361031586042,331,1035,281,,50,253,331
g361031586043,820,2411,795,,25,734,820
g361031586051,828,2753,828,,0,783,828
g361031586052,758,2493,758,,0,675,758
g361031586061,586,1727,586,,0,569,586
g361031586062,444,1103,361,,83,305,444
g361031586063,525,1974,495,,30,376,525
g361031586071,789,1599,684,,105,479,789
g361031586072,459,1387,396,,63,342,459
g361031586081,287,983,241,,46,98,287
g361031586082,435,1205,412,,23,299,435
g361031586083,585,1586,562,,23,495,585
g361031586091,685,1882,635,,50,538,685
g361031586092,490,1560,466,,24,435,490
g361031586093,339,1097,339,,0,245,339
g361031587041,695,2143,646,,49,303,695
g361031587042,545,1044,545,,0,216,545
g361031587043,720,1576,669,,51,648,720
g361031587044,1101,2800,1051,,50,511,1101
g361031587045,700,1259,700,,0,565,700
g361031587051,379,1433,379,,0,165,379
g361031587052,550,1393,512,,38,445,550
g361031587053,307,1092,282,,25,161,307
g361031587071,569,1606,546,,23,510,569
g361031587081,455,599,423,,32,197,455
g361031587082,866,1974,775,,91,406,866
g361031587083,329,1198,329,,0,312,329
g361031587091,892,2188,831,,61,758,892
g361031587101,576,1537,504,,72,398,576
g361031587102,312,799,312,,0,251,312
g361031587103,431,1441,431,,0,310,431
g361031587104,127,40,0,,127,0,127
g361031587111,461,1358,426,,35,426,461
g361031587112,791,1250,750,,41,629,791
g361031587113,996,2587,926,,70,356,996
g361031587121,554,2006,554,,0,537,554
g361031587122,611,1725,598,,13,574,611
g361031587123,354,923,272,,82,272,354
g361031587124,379,1316,363,,16,317,379
g361031587125,581,1747,503,,78,398,581
g361031588021,634,2106,634,,0,523,634
g361031588022,630,1569,600,,30,573,630
g361031588023,441,927,405,,36,317,441
g361031588031,524,1832,524,,0,456,524
g361031588032,547,1472,547,,0,279,547
g361031588033,799,2695,799,,0,763,799
g361031588034,393,734,393,,0,345,393
g361031588041,534,1686,534,,0,510,534
g361031588042,346,863,346,,0,302,346
g361031588043,354,1064,354,,0,302,354
g361031588044,334,889,334,,0,323,334
g361031588045,346,1113,318,,28,260,346
g361031588046,454,1120,381,,73,327,454
g361031589001,582,1357,582,,0,285,582
g361031589002,686,2269,658,,28,170,686
g361031589003,300,901,287,,13,271,300
g361031589004,431,611,348,,83,163,431
g361031589005,981,2109,901,,80,616,981
g361031590001,693,2105,641,,52,463,693
g361031590002,586,1660,569,,17,404,586
g361031590003,706,1033,630,,76,252,706
g361031591021,631,1404,631,,0,136,631
g361031591022,560,1525,517,,43,220,560
g361031591023,363,1094,363,,0,363,363
g361031591024,645,1599,645,,0,169,645
g361031591025,613,840,613,,0,170,613
g361031591031,277,954,254,,23,233,277
g361031591032,302,792,219,,83,118,302
g361031591033,667,2892,642,,25,489,667
g361031591034,527,1994,527,,0,180,527
g361031591051,635,1866,596,,39,489,635
g361031591052,886,1596,850,,36,13,886
g361031591053,646,2253,646,,0,597,646
g361031591054,488,1213,447,,41,434,488
g361031591061,500,1518,500,,0,434,500
g361031591062,1238,2865,1071,,167,341,1238
g361031591063,394,2112,394,,0,369,394
g361031591071,453,1356,409,,44,409,453
g361031591072,326,1026,306,,20,300,326
g361031591073,450,1433,450,,0,416,450
g361031591081,216,820,216,,0,190,216
g361031591082,1092,3567,1035,,57,891,1092
g361031591083,369,1318,369,,0,369,369
g361031591084,362,946,329,,33,329,362
g361031591085,317,1157,317,,0,290,317
g361031592011,477,1342,477,,0,424,477
g361031592012,647,1914,604,,43,472,647
g361031592031,557,1348,557,,0,544,557
g361031592032,878,2337,851,,27,778,878
g361031592033,718,1872,632,,86,438,718
g361031592041,312,862,292,,20,227,312
g361031592042,265,757,239,,26,239,265
g361031592043,558,1558,484,,74,317,558
g361031592044,428,825,348,,80,340,428
g361031593001,458,586,327,,131,240,458
g361031593002,714,1384,640,,74,537,714
g361031594041,692,1475,675,,17,104,692
g361031594042,226,688,226,,0,190,226
g361031594043,695,1908,647,,48,335,695
g361031594044,701,1974,645,,56,497,701
g361031594045,382,1445,382,,0,247,382
g361031594061,494,1190,446,,48,252,494
g361031594062,648,1463,621,,27,195,648
g361031594063,541,1605,477,,64,369,541
g361031594071,824,2951,797,,27,674,824
g361031594072,483,1522,462,,21,395,483
g361031594073,796,2199,739,,57,711,796
g361031594081,979,2962,903,,76,787,979
g361031594082,377,1198,377,,0,292,377
g361031594101,466,1385,466,,0,466,466
g361031594102,744,1749,744,,0,565,744
g361031594103,1402,5262,1387,,15,1316,1402
g361031594111,592,2113,588,,4,576,592
g361031594112,447,1436,447,,0,398,447
g361031594121,260,978,260,,0,260,260
g361031594122,826,1889,826,,0,714,826
g361031594123,1198,2856,1037,,161,1008,1198
g361031594124,914,1799,753,,161,283,914
g361031595051,611,1719,503,,108,441,611
g361031595052,699,1857,652,,47,331,699
g361031595053,456,1172,367,,89,350,456
g361031595054,446,1923,408,,38,394,446
g361031595055,577,2213,577,,0,569,577
g361031595061,748,2160,689,,59,451,748
g361031595062,966,2541,757,,209,637,966
g361031595063,450,1526,450,,0,386,450
g361031595064,829,2311,747,,82,557,829
g361031595081,632,2044,577,,55,483,632
g361031595082,623,1532,581,,42,440,623
g361031595083,893,2252,749,,144,357,893
g361031595084,693,1898,652,,41,535,693
g361031595091,458,632,260,,198,209,458
g361031595092,550,963,373,,177,230,550
g361031595093,308,941,308,,0,161,308
g361031595101,1639,201,71,,1568,58,1639
g361031595102,320,12,3,,317,3,320
g361031595111,667,2298,602,,65,480,667
g361031595112,527,1608,518,,9,433,527
g361031595113,424,1189,424,,0,260,424
g361031595114,672,1879,637,,35,563,672
g361031595121,721,2519,690,,31,524,721
g361031596011,573,1573,501,,72,458,573
g361031596012,507,779,454,,53,454,507
g361031596013,345,953,302,,43,230,345
g361031596014,541,1309,506,,35,440,541
g361031596015,620,1733,586,,34,534,620
g361031596021,942,2407,866,,76,859,942
g361031596022,795,1649,604,,191,466,795
g361031697011,527,1304,424,,103,399,527
g361031697012,472,1181,386,,86,331,472
g361031697013,867,2068,789,,78,723,867
g361031697014,542,1462,476,,66,463,542
g361031697015,632,1679,632,,0,618,632
g361031697031,1180,1508,644,,536,595,1180
g361031697041,523,847,399,,124,302,523
g361031697042,430,1101,387,,43,353,430
g361031697043,678,2032,678,,0,262,678
g361031697044,735,1035,673,,62,621,735
g361031697045,346,433,301,,45,256,346
g361031697046,718,1584,662,,56,631,718
g361031698001,670,2149,646,,24,396,670
g361031698002,381,1081,381,,0,271,381
g361031698003,660,1732,542,,118,442,660
g361031698004,373,1169,373,,0,56,373
g361031699011,457,1478,457,,0,342,457
g361031699012,2083,4713,1850,,233,1056,2083
g361031699021,749,1574,670,,79,563,749
g361031699022,328,892,296,,32,250,328
g361031699023,749,681,268,,481,245,749
g361031699024,427,234,119,,308,104,427
g361031699025,774,1778,632,,142,419,774
g361031700011,871,1368,595,,276,580,871
g361031700012,934,1649,666,,268,493,934
g361031700013,398,619,257,,141,229,398
g361031700014,342,755,342,,0,208,342
g361031700015,794,1242,481,,313,449,794
g361031700021,518,452,262,,256,252,518
g361031700022,733,1086,444,,289,414,733
g361031700023,673,629,273,,400,273,673
g361031700024,452,1082,391,,61,263,452
g361031700025,575,703,306,,269,253,575
g361031701011,523,1046,388,,135,228,523
g361031701012,708,1323,518,,190,210,708
g361031702011,1098,1426,615,,483,569,1098
g361031702012,772,1282,535,,237,505,772
g361031702013,304,711,304,,0,289,304
g361031702014,562,607,234,,328,219,562
g361031702015,491,510,287,,204,194,491
g361031702016,533,1136,388,,145,318,533
g361031702017,354,651,255,,99,241,354
g361031702021,565,661,251,,314,144,565
g361031702022,755,296,132,,623,111,755
g361031702023,1049,932,450,,599,404,1049
g361031702024,840,713,359,,481,330,840
g361031702025,1098,1275,678,,420,587,1098
g361031803001,1668,1399,539,,1129,498,1668
g361031803002,1261,1270,524,,737,443,1261
g361031904011,404,1010,357,,47,346,404
g361031904012,254,470,205,,49,72,254
g361031904013,544,685,452,,92,427,544
g361031904014,0,3195,0,,0,0,0
g361031904015,360,1193,360,,0,159,360
g361031904016,559,941,333,,226,273,559
g361031904017,757,2900,712,,45,544,757
g361031904021,639,1409,449,,190,337,639
g361031904022,747,1096,407,,340,351,747
g361031904031,521,939,360,,161,264,521
g361031904032,473,955,325,,148,244,473
g361031904033,901,1541,660,,241,272,901
g361031905021,587,651,236,,351,197,587
g361031905022,645,942,406,,239,279,645
g361031905023,1784,875,443,,1341,348,1784
g361031905031,263,774,263,,0,168,263
g361031905032,417,1063,345,,72,231,417
g361031905033,583,781,348,,235,324,583
g361031905034,650,418,190,,460,160,650
g361031905041,973,585,236,,737,218,973
g361031905042,474,571,251,,223,188,474
g361031905043,344,598,227,,117,204,344
g361031906011,758,462,186,,572,163,758
g361031906012,558,899,379,,179,311,558
g361031906013,704,1220,451,,253,406,704
g361031906014,377,807,330,,47,300,377
g361031906015,423,468,181,,242,140,423
g361031906016,901,426,218,,683,176,901
g361031906031,731,933,404,,327,324,731
g361031906032,967,2189,727,,240,553,967
g361031906033,1004,1127,493,,511,398,1004
g361031906041,970,1868,744,,226,654,970
g361031906042,972,1478,622,,350,454,972
g361031906043,702,627,316,,386,185,702
g361031907041,668,1083,405,,263,287,668
g361031907042,1242,350,176,,1066,148,1242
g361031907043,639,232,111,,528,107,639
g361031907044,707,481,218,,489,180,707
g361031907045,973,825,341,,632,306,973
g361031907051,109,244,68,,41,60,109
g361031907052,961,1231,555,,406,394,961
g361031907053,592,329,155,,437,135,592
g361031907054,822,920,385,,437,294,822
g361031907055,492,1139,346,,146,168,492
g361031907061,1021,990,485,,536,411,1021
g361031907062,874,1322,551,,323,388,874
g361031907063,415,627,252,,163,241,415
g361031907064,469,671,276,,193,206,469
g361031907065,471,988,264,,207,160,471
g361031907071,1311,1380,542,,769,505,1311
g361031907072,899,1115,430,,469,296,899
g361031907073,470,552,253,,217,226,470
g361031907074,874,1048,376,,498,297,874
g361031907075,750,989,516,,234,499,750
g361031907081,769,924,381,,388,331,769
g361031907082,1100,1069,484,,616,339,1100
g361031908001,678,822,338,,340,201,678
g361031908002,648,1046,344,,304,297,648
g361031908003,885,683,321,,564,270,885
g361031908004,864,603,257,,607,140,864
g361032009011,620,681,336,,284,204,620
g361032009012,1274,478,254,,1020,220,1274
g361032009021,1512,1496,630,,882,558,1512
g361032009022,692,704,324,,368,291,692
g361032009023,686,1175,445,,241,259,686
g361032009024,527,600,269,,258,190,527
g361032009025,985,719,301,,684,223,985
g361032009026,1190,1709,715,,475,573,1190
g361032009027,869,885,357,,512,279,869
g361032010011,1066,1186,468,,598,418,1066
g361032010012,655,850,348,,307,263,655
g361032010013,859,1087,428,,431,410,859
g361032010014,952,750,353,,599,282,952
g361032010015,1051,1982,717,,334,524,1051
g361032010031,594,1488,521,,73,285,594
g361032010032,545,609,192,,353,174,545
g361032010033,640,172,95,,545,74,640
g361032010034,1297,746,310,,987,235,1297
g361032010035,808,938,402,,406,312,808
g361032010041,268,182,105,,163,95,268
g361032010042,770,657,311,,459,183,770
g361032010043,744,501,252,,492,216,744
g361032010044,556,521,234,,322,150,556
g361032010045,1082,1004,517,,565,465,1082
g361032010046,1182,606,323,,859,267,1182
g361032011001,591,2458,572,,19,498,591
g361032011002,401,1792,399,,2,308,401
g361032011003,0,482,0,,0,0,0
g361032011004,451,1822,434,,17,378,451
g361039901000,0,0,0,,0,0,0
